-4.4414	-4.42013	0.44313	0.290824	0.266046	0.44313	
-4.4414	-3.9767	0.448925	0.288208	0.262867	0.448925	
-4.4414	-3.53327	0.454397	0.285724	0.259879	0.454397	
-4.4414	-3.08985	0.459146	0.283564	0.25729	0.459146	
-4.4414	-2.64642	0.462655	0.281981	0.255364	0.462655	
-4.4414	-2.20299	0.464312	0.281274	0.254414	0.464312	
-4.4414	-1.75956	0.463504	0.281738	0.254758	0.463504	
-4.4414	-1.31613	0.459762	0.283589	0.256648	0.459762	
-4.4414	-0.872706	0.452919	0.286884	0.260197	0.452919	
-4.4414	-0.429278	0.443213	0.291465	0.265322	0.443213	
-4.4414	0.01415	0.43127	0.296977	0.271754	0.43127	
-4.4414	0.457578	0.41795	0.302957	0.279093	0.41795	
-4.4414	0.901006	0.40416	0.308942	0.286897	0.40416	
-4.4414	1.34443	0.390685	0.314556	0.29476	0.390685	
-4.4414	1.78786	0.378098	0.319553	0.302349	0.378098	
-4.4414	2.23129	0.366749	0.323822	0.309429	0.366749	
-4.4414	2.67472	0.356797	0.327351	0.315853	0.356797	
-4.4414	3.11815	0.348256	0.330194	0.321549	0.348256	
-4.4414	3.56157	0.341052	0.332443	0.326506	0.341052	
-4.4414	4.005	0.335056	0.334195	0.330748	0.335056	
-4.4414	4.44843	0.330122	0.335547	0.334331	0.335547	

-4.01309	-4.42013	0.449142	0.288266	0.262592	0.449142	
-4.01309	-3.9767	0.45644	0.284943	0.258618	0.45644	
-4.01309	-3.53327	0.463651	0.281632	0.254717	0.463651	
-4.01309	-3.08985	0.470311	0.27856	0.25113	0.470311	
-4.01309	-2.64642	0.475741	0.276061	0.248198	0.475741	
-4.01309	-2.20299	0.479062	0.274572	0.246366	0.479062	
-4.01309	-1.75956	0.479299	0.274576	0.246125	0.479299	
-4.01309	-1.31613	0.475621	0.276473	0.247905	0.475621	
-4.01309	-0.872706	0.467657	0.280416	0.251927	0.467657	
-4.01309	-0.429278	0.455719	0.286191	0.25809	0.455719	
-4.01309	0.01415	0.440778	0.293243	0.265979	0.440778	
-4.01309	0.457578	0.424174	0.300843	0.274982	0.424174	
-4.01309	0.901006	0.407252	0.308293	0.284455	0.407252	
-4.01309	1.34443	0.391086	0.315074	0.29384	0.391086	
-4.01309	1.78786	0.376383	0.320897	0.30272	0.376383	
-4.01309	2.23129	0.363499	0.325673	0.310828	0.363499	
-4.01309	2.67472	0.352526	0.329455	0.318019	0.352526	
-4.01309	3.11815	0.343382	0.332369	0.324249	0.343382	
-4.01309	3.56157	0.33589	0.334571	0.329539	0.33589	
-4.01309	4.005	0.329834	0.336209	0.333957	0.336209	
-4.01309	4.44843	0.324994	0.337414	0.337592	0.337592	

-3.58478	-4.42013	0.454977	0.285791	0.259232	0.454977	
-3.58478	-3.9767	0.464044	0.281629	0.254328	0.464044	
-3.58478	-3.53327	0.473425	0.277275	0.2493	0.473425	
-3.58478	-3.08985	0.482626	0.27297	0.244404	0.482626	
-3.58478	-2.64642	0.490814	0.269128	0.240058	0.490814	
-3.58478	-2.20299	0.496746	0.266376	0.236879	0.496746	
-3.58478	-1.75956	0.498859	0.265504	0.235636	0.498859	
-3.58478	-1.31613	0.495647	0.267267	0.237085	0.495647	
-3.58478	-0.872706	0.486293	0.272039	0.241668	0.486293	
-3.58478	-0.429278	0.471206	0.279531	0.249263	0.471206	
-3.58478	0.01415	0.451993	0.28882	0.259187	0.451993	
-3.58478	0.457578	0.430839	0.298704	0.270457	0.430839	
-3.58478	0.901006	0.409778	0.308109	0.282113	0.409778	
-3.58478	1.34443	0.390269	0.316332	0.293399	0.390269	
-3.58478	1.78786	0.373119	0.323067	0.303813	0.373119	
-3.58478	2.23129	0.358611	0.328312	0.313076	0.358611	
-3.58478	2.67472	0.346683	0.332241	0.321075	0.346683	
-3.58478	3.11815	0.337087	0.335099	0.327815	0.337087	
-3.58478	3.56157	0.329494	0.33713	0.333376	0.33713	
-3.58478	4.005	0.323569	0.338547	0.337884	0.338547	
-3.58478	4.44843	0.319001	0.33952	0.341479	0.341479	

-3.15646	-4.42013	0.460294	0.283566	0.256139	0.460294	
-3.15646	-3.9767	0.471356	0.278453	0.250191	0.471356	
-3.15646	-3.53327	0.483349	0.272833	0.243818	0.483349	
-3.15646	-3.08985	0.495852	0.266903	0.237245	0.495852	
-3.15646	-2.64642	0.507951	0.26112	0.230929	0.507951	
-3.15646	-2.20299	0.51799	0.256327	0.225684	0.51799	
-3.15646	-1.75956	0.523481	0.253806	0.222713	0.523481	
-3.15646	-1.31613	0.521603	0.25501	0.223386	0.521603	
-3.15646	-0.872706	0.510517	0.260848	0.228635	0.510517	
-3.15646	-0.429278	0.49075	0.270935	0.238315	0.49075	
-3.15646	0.01415	0.465187	0.283614	0.251199	0.465187	
-3.15646	0.457578	0.43758	0.296796	0.265624	0.43758	
-3.15646	0.901006	0.411043	0.308812	0.280145	0.411043	
-3.15646	1.34443	0.387459	0.318762	0.293779	0.387459	
-3.15646	1.78786	0.367606	0.326418	0.305975	0.367606	
-3.15646	2.23129	0.351523	0.331985	0.316491	0.351523	
-3.15646	2.67472	0.338855	0.335856	0.325289	0.338855	
-3.15646	3.11815	0.329087	0.338452	0.332462	0.338452	
-3.15646	3.56157	0.321683	0.340138	0.338179	0.340138	
-3.15646	4.005	0.316155	0.3412	0.342645	0.342645	
-3.15646	4.44843	0.31209	0.341841	0.346069	0.346069	

-2.72815	-4.42013	0.464634	0.281819	0.253547	0.464634	
-2.72815	-3.9767	0.477798	0.275705	0.246498	0.477798	
-2.72815	-3.53327	0.492753	0.26864	0.238608	0.492753	
-2.72815	-3.08985	0.509346	0.260677	0.229977	0.509346	
-2.72815	-2.64642	0.526834	0.252174	0.220991	0.526834	
-2.72815	-2.20299	0.543293	0.244116	0.212592	0.543293	
-2.72815	-1.75956	0.554938	0.238477	0.206584	0.554938	
-2.72815	-1.31613	0.556338	0.23812	0.205542	0.556338	
-2.72815	-0.872706	0.543102	0.245324	0.211574	0.543102	
-2.72815	-0.429278	0.515865	0.259609	0.224526	0.515865	
-2.72815	0.01415	0.480397	0.277676	0.241926	0.480397	
-2.72815	0.457578	0.443492	0.295702	0.260807	0.443492	
-2.72815	0.901006	0.409813	0.311143	0.279044	0.409813	
-2.72815	1.34443	0.381488	0.323014	0.295498	0.381488	
-2.72815	1.78786	0.358906	0.331412	0.309682	0.358906	
-2.72815	2.23129	0.341559	0.336962	0.32148	0.341559	
-2.72815	2.67472	0.328592	0.34042	0.330989	0.34042	
-2.72815	3.11815	0.319109	0.342454	0.338438	0.342454	
-2.72815	3.56157	0.312307	0.343571	0.344122	0.344122	
-2.72815	4.005	0.307526	0.344119	0.348355	0.348355	
-2.72815	4.44843	0.304248	0.344323	0.351429	0.351429	

-2.29984	-4.42013	0.467428	0.280831	0.251741	0.467428	
-2.29984	-3.9767	0.48257	0.273785	0.243645	0.48257	
-2.29984	-3.53327	0.50056	0.265243	0.234197	0.50056	
-2.29984	-3.08985	0.521796	0.254959	0.223244	0.521796	
-2.29984	-2.64642	0.546232	0.242909	0.210859	0.546232	
-2.29984	-2.20299	0.572401	0.229815	0.197784	0.572401	
-2.29984	-1.75956	0.595373	0.218266	0.18636	0.595373	
-2.29984	-1.31613	0.604691	0.21386	0.18145	0.604691	
-2.29984	-0.872706	0.588851	0.222769	0.18838	0.588851	
-2.29984	-0.429278	0.548432	0.244527	0.207041	0.548432	
-2.29984	0.01415	0.496766	0.271573	0.231661	0.496766	
-2.29984	0.457578	0.446545	0.29668	0.256775	0.446545	
-2.29984	0.901006	0.404012	0.316353	0.279635	0.404012	
-2.29984	1.34443	0.370692	0.330018	0.29929	0.370692	
-2.29984	1.78786	0.345852	0.338595	0.315553	0.345852	
-2.29984	2.23129	0.327975	0.343481	0.328544	0.343481	
-2.29984	2.67472	0.315467	0.345975	0.338558	0.345975	
-2.29984	3.11815	0.30694	0.347046	0.346014	0.347046	
-2.29984	3.56157	0.301291	0.347329	0.35138	0.35138	
-2.29984	4.005	0.297687	0.347202	0.355111	0.355111	
-2.29984	4.44843	0.295521	0.346876	0.357603	0.357603	

-1.87153	-4.42013	0.468063	0.280904	0.251034	0.468063	
-1.87153	-3.9767	0.484713	0.273178	0.242109	0.484713	
-1.87153	-3.53327	0.505282	0.263408	0.23131	0.505282	
-1.87153	-3.08985	0.530972	0.250911	0.218118	0.530972	
-1.87153	-2.64642	0.563158	0.234881	0.201961	0.563158	
-1.87153	-2.20299	0.602583	0.214818	0.182599	0.602583	
-1.87153	-1.75956	0.645868	0.192428	0.161704	0.645868	
-1.87153	-1.31613	0.675241	0.177298	0.14746	0.675241	
-1.87153	-0.872706	0.65647	0.188174	0.155356	0.65647	
-1.87153	-0.429278	0.589333	0.225137	0.18553	0.589333	
-1.87153	0.01415	0.510702	0.267444	0.221854	0.510702	
-1.87153	0.457578	0.442644	0.30227	0.255086	0.442644	
-1.87153	0.901006	0.390452	0.326419	0.283129	0.390452	
-1.87153	1.34443	0.352947	0.340967	0.306086	0.352947	
-1.87153	1.78786	0.327174	0.348489	0.324337	0.348489	
-1.87153	2.23129	0.3101	0.351626	0.338275	0.351626	
-1.87153	2.67472	0.299188	0.352384	0.348429	0.352384	
-1.87153	3.11815	0.292511	0.352019	0.35547	0.35547	
-1.87153	3.56157	0.288684	0.35121	0.360107	0.360107	
-1.87153	4.005	0.286743	0.35028	0.362977	0.362977	
-1.87153	4.44843	0.286036	0.349369	0.364595	0.364595	

-1.44322	-4.42013	0.46599	0.282303	0.251707	0.46599	
-1.44322	-3.9767	0.483282	0.274356	0.242361	0.483282	
-1.44322	-3.53327	0.505245	0.263994	0.230761	0.505245	
-1.44322	-3.08985	0.533856	0.250114	0.216031	0.533856	
-1.44322	-2.64642	0.572222	0.230958	0.19682	0.572222	
-1.44322	-2.20299	0.625171	0.203758	0.171071	0.625171	
-1.44322	-1.75956	0.698635	0.165016	0.136349	0.698635	
-1.44322	-1.31613	0.781701	0.120398	0.0979016	0.781701	
-1.44322	-0.872706	0.759784	0.133309	0.106908	0.759784	
-1.44322	-0.429278	0.630298	0.205886	0.163816	0.630298	
-1.44322	0.01415	0.512071	0.271302	0.216628	0.512071	
-1.44322	0.457578	0.424882	0.316944	0.258174	0.424882	
-1.44322	0.901006	0.36503	0.344082	0.290888	0.36503	
-1.44322	1.34443	0.326029	0.357117	0.316853	0.357117	
-1.44322	1.78786	0.301815	0.361315	0.336869	0.361315	
-1.44322	2.23129	0.287555	0.361087	0.351358	0.361087	
-1.44322	2.67472	0.279744	0.359185	0.361071	0.361071	
-1.44322	3.11815	0.275989	0.356947	0.367063	0.367063	
-1.44322	3.56157	0.274721	0.354881	0.370398	0.370398	
-1.44322	4.005	0.274939	0.353114	0.371948	0.371948	
-1.44322	4.44843	0.276019	0.351634	0.372346	0.372346	

-1.0149	-4.42013	0.460888	0.285169	0.253942	0.460888	
-1.0149	-3.9767	0.477641	0.277623	0.244736	0.477641	
-1.0149	-3.53327	0.49915	0.267655	0.233196	0.49915	
-1.0149	-3.08985	0.527662	0.254025	0.218313	0.527662	
-1.0149	-2.64642	0.567042	0.234566	0.198391	0.567042	
-1.0149	-2.20299	0.624484	0.20518	0.170336	0.624484	
-1.0149	-1.75956	0.714913	0.157279	0.127808	0.714913	
-1.0149	-1.31613	0.874257	0.0701051	0.0556376	0.874257	
-1.0149	-0.872706	0.845025	0.0873168	0.0676587	0.845025	
-1.0149	-0.429278	0.629821	0.210315	0.159864	0.629821	
-1.0149	0.01415	0.482785	0.294478	0.222737	0.482785	
-1.0149	0.457578	0.385215	0.346781	0.268004	0.385215	
-1.0149	0.901006	0.324071	0.372437	0.303493	0.372437	
-1.0149	1.34443	0.288467	0.379233	0.3323	0.379233	
-1.0149	1.78786	0.269455	0.376428	0.354117	0.376428	
-1.0149	2.23129	0.260575	0.370789	0.368636	0.370789	
-1.0149	2.67472	0.257594	0.365421	0.376986	0.376986	
-1.0149	3.11815	0.257879	0.361142	0.380979	0.380979	
-1.0149	3.56157	0.259871	0.357892	0.382237	0.382237	
-1.0149	4.005	0.262676	0.355419	0.381906	0.381906	
-1.0149	4.44843	0.265799	0.353494	0.380707	0.380707	

-0.586592	-4.42013	0.452791	0.289454	0.257755	0.452791	
-0.586592	-3.9767	0.467751	0.282956	0.249294	0.467751	
-0.586592	-3.53327	0.486753	0.274466	0.238781	0.486753	
-0.586592	-3.08985	0.511563	0.26303	0.225407	0.511563	
-0.586592	-2.64642	0.544989	0.247087	0.207924	0.544989	
-0.586592	-2.20299	0.59144	0.224108	0.184452	0.59144	
-0.586592	-1.75956	0.655988	0.191007	0.153004	0.655988	
-0.586592	-1.31613	0.724931	0.154957	0.120112	0.724931	
-0.586592	-0.872706	0.689593	0.177785	0.132621	0.689593	
-0.586592	-0.429278	0.545337	0.2648	0.189863	0.545337	
-0.586592	0.01415	0.412555	0.34589	0.241555	0.412555	
-0.586592	0.457578	0.320342	0.397512	0.282147	0.397512	
-0.586592	0.901006	0.266669	0.414332	0.318999	0.414332	
-0.586592	1.34443	0.240703	0.406481	0.352816	0.406481	
-0.586592	1.78786	0.23112	0.391256	0.377625	0.391256	
-0.586592	2.23129	0.23032	0.378374	0.391306	0.391306	
-0.586592	2.67472	0.233816	0.369531	0.396653	0.396653	
-0.586592	3.11815	0.239092	0.363701	0.397207	0.397207	
-0.586592	3.56157	0.244858	0.359747	0.395395	0.395395	
-0.586592	4.005	0.250512	0.356923	0.392565	0.392565	
-0.586592	4.44843	0.255801	0.354795	0.389404	0.389404	

-0.15828	-4.42013	0.442128	0.294896	0.262976	0.442128	
-0.15828	-3.9767	0.454278	0.289952	0.255771	0.454278	
-0.15828	-3.53327	0.469163	0.283765	0.247072	0.469163	
-0.15828	-3.08985	0.487587	0.275937	0.236476	0.487587	
-0.15828	-2.64642	0.510373	0.266054	0.223574	0.510373	
-0.15828	-2.20299	0.537504	0.254152	0.208344	0.537504	
-0.15828	-1.75956	0.564535	0.242736	0.19273	0.564535	
-0.15828	-1.31613	0.572369	0.242789	0.184843	0.572369	
-0.15828	-0.872706	0.525966	0.275599	0.198435	0.525966	
-0.15828	-0.429278	0.426014	0.343716	0.230269	0.426014	
-0.15828	0.01415	0.317337	0.421419	0.261245	0.421419	
-0.15828	0.457578	0.235924	0.475367	0.288709	0.475367	
-0.15828	0.901006	0.196137	0.473358	0.330504	0.473358	
-0.15828	1.34443	0.186051	0.433686	0.380262	0.433686	
-0.15828	1.78786	0.189601	0.399265	0.411133	0.411133	
-0.15828	2.23129	0.199046	0.379815	0.421139	0.421139	
-0.15828	2.67472	0.210172	0.369585	0.420243	0.420243	
-0.15828	3.11815	0.220939	0.363781	0.41528	0.41528	
-0.15828	3.56157	0.230631	0.360083	0.409286	0.409286	
-0.15828	4.005	0.239126	0.357465	0.403409	0.403409	
-0.15828	4.44843	0.246511	0.35546	0.398028	0.398028	

0.270032	-4.42013	0.429638	0.301075	0.269287	0.429638	
0.270032	-3.9767	0.438416	0.29793	0.263653	0.438416	
0.270032	-3.53327	0.448435	0.294378	0.257187	0.448435	
0.270032	-3.08985	0.459572	0.290554	0.249874	0.459572	
0.270032	-2.64642	0.471063	0.286979	0.241959	0.471063	
0.270032	-2.20299	0.480469	0.285167	0.234364	0.480469	
0.270032	-1.75956	0.481548	0.288945	0.229507	0.481548	
0.270032	-1.31613	0.462223	0.305995	0.231783	0.462223	
0.270032	-0.872706	0.409579	0.345983	0.244438	0.409579	
0.270032	-0.429278	0.324727	0.41336	0.261913	0.41336	
0.270032	0.01415	0.22582	0.505822	0.268359	0.505822	
0.270032	0.457578	0.141699	0.600146	0.258155	0.600146	
0.270032	0.901006	0.119495	0.55889	0.321615	0.55889	
0.270032	1.34443	0.131164	0.4403	0.428536	0.4403	
0.270032	1.78786	0.149255	0.387074	0.463671	0.463671	
0.270032	2.23129	0.170049	0.37045	0.459501	0.459501	
0.270032	2.67472	0.189031	0.364344	0.446625	0.446625	
0.270032	3.11815	0.205025	0.361145	0.43383	0.43383	
0.270032	3.56157	0.21826	0.358909	0.422831	0.422831	
0.270032	4.005	0.229238	0.357096	0.413667	0.413667	
0.270032	4.44843	0.238424	0.355533	0.406043	0.406043	

0.698344	-4.42013	0.416198	0.307512	0.276291	0.416198	
0.698344	-3.9767	0.421538	0.306132	0.27233	0.421538	
0.698344	-3.53327	0.426805	0.305053	0.268142	0.426805	
0.698344	-3.08985	0.431286	0.304747	0.263967	0.431286	
0.698344	-2.64642	0.433488	0.306165	0.260347	0.433488	
0.698344	-2.20299	0.430509	0.311146	0.258345	0.430509	
0.698344	-1.75956	0.417328	0.322968	0.259704	0.417328	
0.698344	-1.31613	0.38712	0.346549	0.266331	0.38712	
0.698344	-0.872706	0.334369	0.387567	0.278064	0.387567	
0.698344	-0.429278	0.259505	0.451945	0.28855	0.451945	
0.698344	0.01415	0.168478	0.55368	0.277842	0.55368	
0.698344	0.457578	0.0616634	0.768493	0.169844	0.768493	
0.698344	0.901006	0.0603123	0.625103	0.314585	0.625103	
0.698344	1.34443	0.0818947	0.352192	0.565913	0.565913	
0.698344	1.78786	0.115208	0.340712	0.54408	0.54408	
0.698344	2.23129	0.147627	0.350568	0.501806	0.501806	
0.698344	2.67472	0.173113	0.355247	0.471641	0.471641	
0.698344	3.11815	0.192987	0.35675	0.450262	0.450262	
0.698344	3.56157	0.208749	0.356766	0.434485	0.434485	
0.698344	4.005	0.221487	0.356113	0.4224	0.4224	
0.698344	4.44843	0.231963	0.35518	0.412857	0.412857	

1.12666	-4.42013	0.402639	0.313767	0.283594	0.402639	
1.12666	-3.9767	0.404863	0.313905	0.281231	0.404863	
1.12666	-3.53327	0.406068	0.31482	0.279111	0.406068	
1.12666	-3.08985	0.405312	0.317097	0.27759	0.405312	
1.12666	-2.64642	0.401023	0.321712	0.277264	0.401023	
1.12666	-2.20299	0.390744	0.330218	0.279038	0.390744	
1.12666	-1.75956	0.371091	0.344868	0.284041	0.371091	
1.12666	-1.31613	0.338421	0.368436	0.293143	0.368436	
1.12666	-0.872706	0.29054	0.403608	0.305852	0.403608	
1.12666	-0.429278	0.228697	0.452368	0.318935	0.452368	
1.12666	0.01415	0.158645	0.514947	0.326408	0.514947	
1.12666	0.457578	0.0950972	0.563051	0.341852	0.563051	
1.12666	0.901006	0.0591314	0.360892	0.579977	0.579977	
1.12666	1.34443	0.035826	0.144605	0.819569	0.819569	
1.12666	1.78786	0.0984386	0.293337	0.608224	0.608224	
1.12666	2.23129	0.136961	0.332911	0.530129	0.530129	
1.12666	2.67472	0.164787	0.347072	0.48814	0.48814	
1.12666	3.11815	0.186034	0.352581	0.461385	0.461385	
1.12666	3.56157	0.202783	0.354565	0.442652	0.442652	
1.12666	4.005	0.216299	0.354972	0.42873	0.42873	
1.12666	4.44843	0.227408	0.354642	0.417949	0.417949	

1.55497	-4.42013	0.389632	0.31951	0.290858	0.389632	
1.55497	-3.9767	0.38928	0.320811	0.289908	0.38928	
1.55497	-3.53327	0.387355	0.323123	0.289522	0.387355	
1.55497	-3.08985	0.382933	0.326988	0.290079	0.382933	
1.55497	-2.64642	0.374682	0.333192	0.292127	0.374682	
1.55497	-2.20299	0.360822	0.342798	0.29638	0.360822	
1.55497	-1.75956	0.339309	0.357056	0.303635	0.357056	
1.55497	-1.31613	0.30841	0.377056	0.314534	0.377056	
1.55497	-0.872706	0.26772	0.402938	0.329342	0.402938	
1.55497	-0.429278	0.219311	0.4322	0.348488	0.4322	
1.55497	0.01415	0.16868	0.454788	0.376532	0.454788	
1.55497	0.457578	0.124596	0.439458	0.435946	0.439458	
1.55497	0.901006	0.092104	0.344672	0.563224	0.563224	
1.55497	1.34443	0.0838856	0.274311	0.641804	0.641804	
1.55497	1.78786	0.110675	0.303694	0.585631	0.585631	
1.55497	2.23129	0.140195	0.330565	0.52924	0.52924	
1.55497	2.67472	0.16464	0.344046	0.491314	0.491314	
1.55497	3.11815	0.184411	0.350347	0.465242	0.465242	
1.55497	3.56157	0.200512	0.353105	0.446383	0.446383	
1.55497	4.005	0.213781	0.354082	0.432138	0.432138	
1.55497	4.44843	0.224847	0.354146	0.421007	0.421007	

1.98328	-4.42013	0.377631	0.324543	0.297826	0.377631	
1.98328	-3.9767	0.375314	0.326635	0.298051	0.375314	
1.98328	-3.53327	0.371187	0.32978	0.299033	0.371187	
1.98328	-3.08985	0.364473	0.3344	0.301126	0.364473	
1.98328	-2.64642	0.354173	0.34103	0.304798	0.354173	
1.98328	-2.20299	0.339124	0.350262	0.310615	0.350262	
1.98328	-1.75956	0.318219	0.362581	0.3192	0.362581	
1.98328	-1.31613	0.290829	0.377992	0.33118	0.377992	
1.98328	-0.872706	0.257401	0.395311	0.347288	0.395311	
1.98328	-0.429278	0.220052	0.410907	0.369042	0.410907	
1.98328	0.01415	0.1828	0.416813	0.400388	0.416813	
1.98328	0.457578	0.150832	0.401115	0.448053	0.448053	
1.98328	0.901006	0.129148	0.362774	0.508079	0.508079	
1.98328	1.34443	0.123533	0.332387	0.54408	0.54408	
1.98328	1.78786	0.134418	0.329918	0.535665	0.535665	
1.98328	2.23129	0.152441	0.338375	0.509184	0.509184	
1.98328	2.67472	0.170788	0.345788	0.483424	0.483424	
1.98328	3.11815	0.187263	0.350312	0.462425	0.462425	
1.98328	3.56157	0.201513	0.352657	0.445829	0.445829	
1.98328	4.005	0.213716	0.353643	0.432641	0.432641	
1.98328	4.44843	0.224166	0.353827	0.422007	0.422007	

2.41159	-4.42013	0.366892	0.328788	0.30432	0.366892	
2.41159	-3.9767	0.363184	0.331341	0.305476	0.363184	
2.41159	-3.53327	0.357654	0.334867	0.307479	0.357654	
2.41159	-3.08985	0.349707	0.339652	0.310641	0.349707	
2.41159	-2.64642	0.338653	0.346001	0.315345	0.346001	
2.41159	-2.20299	0.323805	0.354156	0.322039	0.354156	
2.41159	-1.75956	0.304651	0.364133	0.331215	0.364133	
2.41159	-1.31613	0.281145	0.37544	0.343415	0.37544	
2.41159	-0.872706	0.254033	0.38665	0.359317	0.38665	
2.41159	-0.429278	0.225119	0.394926	0.379956	0.394926	
2.41159	0.01415	0.197234	0.396027	0.40674	0.40674	
2.41159	0.457578	0.173797	0.386398	0.439804	0.439804	
2.41159	0.901006	0.158155	0.368548	0.473297	0.473297	
2.41159	1.34443	0.15275	0.3528	0.49445	0.49445	
2.41159	1.78786	0.157134	0.346403	0.496464	0.496464	
2.41159	2.23129	0.167616	0.346855	0.48553	0.48553	
2.41159	2.67472	0.180357	0.34937	0.470273	0.470273	
2.41159	3.11815	0.193133	0.351599	0.455268	0.455268	
2.41159	3.56157	0.204996	0.352988	0.442016	0.442016	
2.41159	4.005	0.215655	0.353619	0.430725	0.430725	
2.41159	4.44843	0.225098	0.353708	0.421194	0.421194	

2.8399	-4.42013	0.357506	0.332255	0.310238	0.357506	
2.8399	-3.9767	0.352897	0.335012	0.312092	0.352897	
2.8399	-3.53327	0.346587	0.338599	0.314814	0.346587	
2.8399	-3.08985	0.338151	0.343187	0.318662	0.343187	
2.8399	-2.64642	0.327153	0.348908	0.32394	0.348908	
2.8399	-2.20299	0.313226	0.355787	0.330987	0.355787	
2.8399	-1.75956	0.296213	0.363619	0.340169	0.363619	
2.8399	-1.31613	0.276336	0.3718	0.351864	0.3718	
2.8399	-0.872706	0.254375	0.379153	0.366473	0.379153	
2.8399	-0.429278	0.231755	0.38388	0.384365	0.384365	
2.8399	0.01415	0.210468	0.383983	0.405548	0.405548	
2.8399	0.457578	0.192766	0.378526	0.428708	0.428708	
2.8399	0.901006	0.180687	0.369255	0.450058	0.450058	
2.8399	1.34443	0.175417	0.360273	0.464311	0.464311	
2.8399	1.78786	0.17663	0.354741	0.468629	0.468629	
2.8399	2.23129	0.182577	0.352737	0.464686	0.464686	
2.8399	2.67472	0.191121	0.352682	0.456197	0.456197	
2.8399	3.11815	0.20062	0.353216	0.446164	0.446164	
2.8399	3.56157	0.210094	0.353671	0.436234	0.436234	
2.8399	4.005	0.219054	0.353844	0.427102	0.427102	
2.8399	4.44843	0.227298	0.353731	0.418971	0.418971	

3.26822	-4.42013	0.349453	0.335015	0.315532	0.349453	
3.26822	-3.9767	0.344329	0.337791	0.317881	0.344329	
3.26822	-3.53327	0.337692	0.34124	0.321068	0.34124	
3.26822	-3.08985	0.329257	0.345443	0.3253	0.345443	
3.26822	-2.64642	0.318771	0.350422	0.330806	0.350422	
3.26822	-2.20299	0.306077	0.356094	0.33783	0.356094	
3.26822	-1.75956	0.291205	0.362185	0.34661	0.362185	
3.26822	-1.31613	0.27448	0.36816	0.35736	0.36816	
3.26822	-0.872706	0.256599	0.373181	0.37022	0.373181	
3.26822	-0.429278	0.238654	0.376196	0.38515	0.38515	
3.26822	0.01415	0.222038	0.376284	0.401678	0.401678	
3.26822	0.457578	0.208235	0.373247	0.418518	0.418518	
3.26822	0.901006	0.198495	0.368086	0.43342	0.43342	
3.26822	1.34443	0.193484	0.362656	0.44386	0.44386	
3.26822	1.78786	0.193032	0.358515	0.448454	0.448454	
3.26822	2.23129	0.196223	0.356104	0.447673	0.447673	
3.26822	2.67472	0.201822	0.354999	0.443179	0.443179	
3.26822	3.11815	0.208709	0.354569	0.436722	0.436722	
3.26822	3.56157	0.216071	0.354358	0.429571	0.429571	
3.26822	4.005	0.223399	0.354133	0.422467	0.422467	
3.26822	4.44843	0.23041	0.353809	0.415781	0.415781	

3.69653	-4.42013	0.342642	0.337162	0.320196	0.342642	
3.69653	-3.9767	0.33729	0.33984	0.32287	0.33984	
3.69653	-3.53327	0.330636	0.343042	0.326322	0.343042	
3.69653	-3.08985	0.322502	0.346789	0.330709	0.346789	
3.69653	-2.64642	0.312757	0.351045	0.336197	0.351045	
3.69653	-2.20299	0.301371	0.355683	0.342946	0.355683	
3.69653	-1.75956	0.288466	0.360443	0.351091	0.360443	
3.69653	-1.31613	0.274379	0.364906	0.360715	0.364906	
3.69653	-0.872706	0.259695	0.368513	0.371792	0.371792	
3.69653	-0.429278	0.245236	0.370659	0.384106	0.384106	
3.69653	0.01415	0.231979	0.370909	0.397112	0.397112	
3.69653	0.457578	0.220912	0.369259	0.409829	0.409829	
3.69653	0.901006	0.212834	0.366268	0.420898	0.420898	
3.69653	1.34443	0.208162	0.362864	0.428974	0.428974	
3.69653	1.78786	0.206821	0.359883	0.433297	0.433297	
3.69653	2.23129	0.208305	0.357716	0.433979	0.433979	
3.69653	2.67472	0.211875	0.356321	0.431804	0.431804	
3.69653	3.11815	0.216777	0.355452	0.427771	0.427771	
3.69653	3.56157	0.222392	0.354855	0.422753	0.422753	
3.69653	4.005	0.228268	0.354357	0.417374	0.417374	
3.69653	4.44843	0.234113	0.353867	0.41202	0.41202	

4.12484	-4.42013	0.336945	0.3388	0.324256	0.3388	
4.12484	-3.9767	0.331571	0.341312	0.327117	0.341312	
4.12484	-3.53327	0.3251	0.344221	0.330679	0.344221	
4.12484	-3.08985	0.31743	0.347512	0.335058	0.347512	
4.12484	-2.64642	0.308514	0.351122	0.340364	0.351122	
4.12484	-2.20299	0.298388	0.35492	0.346692	0.35492	
4.12484	-1.75956	0.287212	0.358686	0.354102	0.358686	
4.12484	-1.31613	0.275297	0.362114	0.362589	0.362589	
4.12484	-0.872706	0.263116	0.364836	0.372049	0.372049	
4.12484	-0.429278	0.251283	0.366503	0.382214	0.382214	
4.12484	0.01415	0.240492	0.366898	0.39261	0.39261	
4.12484	0.457578	0.231415	0.366055	0.40253	0.40253	
4.12484	0.901006	0.224581	0.364294	0.411124	0.411124	
4.12484	1.34443	0.220274	0.362115	0.417611	0.417611	
4.12484	1.78786	0.218472	0.359995	0.421533	0.421533	
4.12484	2.23129	0.218886	0.358223	0.42289	0.42289	
4.12484	2.67472	0.221059	0.356873	0.422068	0.422068	
4.12484	3.11815	0.224485	0.35587	0.419645	0.419645	
4.12484	3.56157	0.228705	0.355098	0.416198	0.416198	
4.12484	4.005	0.23335	0.354449	0.412201	0.412201	
4.12484	4.44843	0.238151	0.353852	0.407997	0.407997	

