-1.18464	-1.2737	0.00366451	0.00549938	0.990836	
-0.754164	-0.0874456	0.136448	0.2253	0.638252	
-1.58872	-0.284565	0.0816447	0.112524	0.805831	
-0.530396	-1.11482	0.0289473	0.0491982	0.921854	
-0.817399	-2.17839	0.0628747	0.093072	0.844053	
-0.258517	-1.37709	0.0629137	0.108169	0.828917	
-0.581933	-1.3096	0.0246662	0.0406543	0.934679	
-0.590367	-0.84656	0.0339956	0.0586008	0.907404	
-0.793729	-1.03288	0.00775324	0.0125972	0.97965	
-1.27554	-0.965308	0.00664845	0.00990532	0.983446	
-0.296509	-0.637971	0.098019	0.188063	0.713918	
-0.752828	-1.81	0.0390041	0.0598683	0.901128	
-1.46895	-0.929849	0.0173531	0.0250566	0.95759	
-0.216395	-1.44622	0.0692921	0.118565	0.812143	
-0.626277	-0.493827	0.0724817	0.12651	0.801008	
-1.45009	-2.08317	0.0531771	0.0748747	0.871948	
-2.26209	-0.0665154	0.136903	0.170115	0.692982	
-1.26196	-0.558522	0.0357148	0.0531022	0.911183	
-0.80913	-1.48483	0.0163152	0.0255544	0.95813	
-0.956484	-1.07378	0.00102953	0.00161791	0.997353	
-1.67394	-0.870846	0.0333638	0.0466925	0.919944	
-0.726904	-2.20299	0.0679366	0.10112	0.830943	
-0.647311	-0.835542	0.0287381	0.0488994	0.922362	
-1.05745	-0.659721	0.0228101	0.0354736	0.941716	
-1.12359	-0.17683	0.0951886	0.142517	0.762294	
-0.287397	-1.97023	0.0810843	0.12811	0.790806	
-0.797649	-0.600242	0.0403426	0.0668259	0.892831	
-1.11656	-0.878602	0.00605714	0.00929478	0.984648	
-0.997169	-0.858603	0.00730062	0.0114749	0.981225	
-1.32757	-0.544868	0.0390759	0.0573307	0.903593	
-0.766092	-1.46667	0.017437	0.0275206	0.955042	
-1.1685	-0.637535	0.025331	0.0384644	0.936205	
-2.26451	-1.88451	0.0788292	0.103982	0.817189	
-0.797042	-1.13729	0.00658403	0.0106135	0.982802	
-1.49663	-1.05972	0.015831	0.0227726	0.961396	
-0.95094	-1.41642	0.00852336	0.0131462	0.97833	
-1.53764	-1.93669	0.0464639	0.065261	0.888275	
-0.515904	-1.04418	0.0322379	0.0553939	0.912368	
-0.889586	-1.43356	0.0108203	0.0168188	0.972361	
-1.32242	-0.958723	0.00876096	0.0129514	0.978288	
-2.29984	-0.940844	0.0790394	0.10292	0.818041	
-1.11049	-1.01768	0.00124258	0.00190324	0.996854	
-0.498087	-1.38338	0.0346555	0.0574082	0.907936	
-0.430396	-1.3337	0.0408858	0.0688763	0.890238	
-0.71886	-1.33252	0.0146532	0.0235659	0.961781	
-0.840338	-0.444042	0.0606932	0.0994155	0.839891	
-1.89374	-1.21992	0.0425824	0.05823	0.899188	
-1.63562	-1.60244	0.0335912	0.0471557	0.919253	
-1.66074	-1.10579	0.0261314	0.0367464	0.937122	
-1.56296	-0.872125	0.0256091	0.0364249	0.937966	
0.760894	0.712725	0.0510885	0.945101	0.00381049	
1.49854	1.38919	0.814066	0.173031	0.0129029	
0.962951	0.236757	0.106212	0.871135	0.0226532	
1.3969	-0.0971867	0.237429	0.687405	0.0751658	
1.1541	1.14058	0.853526	0.141691	0.00478272	
0.384676	0.885364	0.322072	0.642725	0.0352029	
0.699202	0.658019	0.0619431	0.932001	0.00605555	
1.30507	1.2544	0.878694	0.115436	0.00586977	
1.98328	0.241913	0.359976	0.571397	0.0686264	
1.36096	1.00052	0.611557	0.375333	0.0131105	
-0.0406562	0.620657	0.29464	0.578987	0.126373	
1.07152	0.620051	0.0537318	0.942423	0.0038452	
1.28442	0.523976	0.174718	0.809348	0.0159337	
1.22517	0.619274	0.157952	0.831071	0.0109769	
0.742263	0.675489	0.0458191	0.950226	0.00395507	
1.14898	1.36269	0.983353	0.0157658	0.000880791	
0.788275	0.576478	0.0200887	0.977749	0.00216252	
-0.0644872	0.91222	0.369164	0.526273	0.104563	
0.544197	1.28481	0.669246	0.309699	0.0210548	
0.697209	2.23129	0.712222	0.242907	0.0448713	
0.774759	1.30825	0.855528	0.137217	0.0072543	
1.1315	0.642991	0.0977434	0.895899	0.0063573	
0.703868	2.11402	0.734698	0.22718	0.0381218	
1.06185	1.08144	0.759536	0.234435	0.00602902	
1.89911	0.972854	0.545727	0.418114	0.0361589	
1.55589	1.45039	0.795997	0.188209	0.0157934	
0.977069	0.937944	0.372084	0.619983	0.00793239	
0.616487	1.50184	0.788127	0.194611	0.0172617	
1.46715	1.24608	0.784791	0.203008	0.0122007	
0.917701	1.43605	0.962062	0.0356572	0.00228106	
0.800781	1.39571	0.899154	0.0949082	0.00593742	
0.591722	0.247961	0.134031	0.823802	0.0421668	
0.748723	0.826539	0.146613	0.845682	0.00770457	
0.241993	1.35043	0.56633	0.385838	0.0478321	
1.36076	0.830926	0.406545	0.577838	0.0156176	
0.501609	1.20555	0.591238	0.384242	0.0245201	
1.39534	1.81757	0.817834	0.163346	0.018821	
1.18894	0.738653	0.198324	0.792371	0.00930546	
1.68106	1.22475	0.687277	0.290703	0.0220208	
0.817773	1.48496	0.907116	0.0865349	0.00634897	
0.692319	1.47679	0.83285	0.154869	0.0122814	
0.953152	0.993561	0.501283	0.490511	0.00820584	
1.69318	1.71164	0.750482	0.223275	0.0262437	
1.86954	0.589955	0.411309	0.54359	0.0451014	
0.341845	0.816091	0.291877	0.667382	0.0407414	
0.737342	-0.0460218	0.171498	0.747192	0.0813095	
0.999351	1.6646	0.909526	0.0828405	0.00763321	
1.72326	0.896572	0.518982	0.451784	0.0292336	
1.47353	1.07769	0.669501	0.315235	0.0152634	
0.819856	1.70794	0.856851	0.129723	0.0134258	
