-1.18464	-1.2737	0.873982	0.070017	0.0560013	
-0.754164	-0.0874456	0.472778	0.305774	0.221447	
-1.58872	-0.284565	0.582116	0.231352	0.186531	
-0.530396	-1.11482	0.704265	0.168089	0.127646	
-0.817399	-2.17839	0.616701	0.209969	0.173329	
-0.258517	-1.37709	0.604278	0.223751	0.171971	
-0.581933	-1.3096	0.723679	0.155715	0.120607	
-0.590367	-0.84656	0.684105	0.181086	0.134809	
-0.793729	-1.03288	0.82945	0.096435	0.0741148	
-1.27554	-0.965308	0.840128	0.0890974	0.0707744	
-0.296509	-0.637971	0.520061	0.28143	0.198509	
-0.752828	-1.81	0.675601	0.179463	0.144935	
-1.46895	-0.929849	0.764269	0.130623	0.105109	
-0.216395	-1.44622	0.590713	0.230864	0.178423	
-0.626277	-0.493827	0.578318	0.244464	0.177218	
-1.45009	-2.08317	0.642488	0.194702	0.162811	
-2.26209	-0.0665154	0.508073	0.265964	0.225963	
-1.26196	-0.558522	0.68696	0.17552	0.13752	
-0.80913	-1.48483	0.76687	0.130012	0.103118	
-0.956484	-1.07378	0.934102	0.0370238	0.0288742	
-1.67394	-0.870846	0.698604	0.166047	0.135349	
-0.726904	-2.20299	0.60548	0.21617	0.17835	
-0.647311	-0.835542	0.704728	0.16895	0.126322	
-1.05745	-0.659721	0.73465	0.149894	0.115456	
-1.12359	-0.17683	0.549288	0.255041	0.195671	
-0.287397	-1.97023	0.574516	0.235346	0.190139	
-0.797649	-0.600242	0.664927	0.191851	0.143222	
-1.11656	-0.878602	0.847339	0.0856801	0.0669813	
-0.997169	-0.858603	0.834692	0.0932303	0.0720774	
-1.32757	-0.544868	0.67702	0.180615	0.142365	
-0.766092	-1.46667	0.760421	0.133797	0.105783	
-1.1685	-0.637535	0.724625	0.15487	0.120506	
-2.26451	-1.88451	0.593147	0.219373	0.18748	
-0.797042	-1.13729	0.840742	0.0897552	0.0695027	
-1.49663	-1.05972	0.772574	0.125712	0.101714	
-0.95094	-1.41642	0.821008	0.0996978	0.0792946	
-1.53764	-1.93669	0.659673	0.185528	0.154799	
-0.515904	-1.04418	0.691013	0.176192	0.132795	
-0.889586	-1.43356	0.802547	0.110083	0.0873703	
-1.32242	-0.958723	0.820625	0.0998239	0.0795508	
-2.29984	-0.940844	0.593101	0.220441	0.186458	
-1.11049	-1.01768	0.924977	0.0419966	0.0330265	
-0.498087	-1.38338	0.684965	0.177365	0.137669	
-0.430396	-1.3337	0.66365	0.189971	0.146379	
-0.71886	-1.33252	0.77611	0.125676	0.0982131	
-0.840338	-0.444042	0.610256	0.223485	0.166259	
-1.89374	-1.21992	0.671664	0.179314	0.149022	
-1.63562	-1.60244	0.69787	0.165225	0.136905	
-1.66074	-1.10579	0.72492	0.151277	0.123803	
-1.56296	-0.872125	0.726539	0.151173	0.122288	
0.760894	0.712725	0.0273308	0.856071	0.116598	
1.49854	1.38919	0.0795843	0.262526	0.657889	
0.962951	0.236757	0.117144	0.592936	0.28992	
1.3969	-0.0971867	0.17829	0.467595	0.354114	
1.1541	1.14058	0.0211654	0.100542	0.878293	
0.384676	0.885364	0.0989719	0.594222	0.306806	
0.699202	0.658019	0.0079902	0.962917	0.0290931	
1.30507	1.2544	0.0466673	0.183331	0.770001	
1.98328	0.241913	0.165396	0.412114	0.42249	
1.36096	1.00052	0.0654638	0.284059	0.650477	
-0.0406562	0.620657	0.192462	0.509013	0.298526	
1.07152	0.620051	0.0750103	0.57365	0.35134	
1.28442	0.523976	0.100515	0.491215	0.40827	
1.22517	0.619274	0.0878216	0.490536	0.421643	
0.742263	0.675489	0.0150176	0.925945	0.0590376	
1.14898	1.36269	0.040084	0.157922	0.801994	
0.788275	0.576478	0.0340233	0.845566	0.120411	
-0.0644872	0.91222	0.179142	0.488242	0.332616	
0.544197	1.28481	0.0965053	0.418583	0.484911	
0.697209	2.23129	0.147673	0.350626	0.501701	
0.774759	1.30825	0.070686	0.32106	0.608254	
1.1315	0.642991	0.0787366	0.528203	0.393061	
0.703868	2.11402	0.139491	0.348116	0.512393	
1.06185	1.08144	0.0335254	0.182728	0.783746	
1.89911	0.972854	0.120166	0.352633	0.527201	
1.55589	1.45039	0.0886309	0.277721	0.633648	
0.977069	0.937944	0.0554183	0.405566	0.539016	
0.616487	1.50184	0.100534	0.360624	0.538841	
1.46715	1.24608	0.0707051	0.252836	0.676459	
0.917701	1.43605	0.0643088	0.253038	0.682653	
0.800781	1.39571	0.0732822	0.301672	0.625046	
0.591722	0.247961	0.123884	0.6336	0.242517	
0.748723	0.826539	0.0491554	0.701982	0.248863	
0.241993	1.35043	0.134785	0.440373	0.424842	
1.36076	0.830926	0.0800289	0.368023	0.551948	
0.501609	1.20555	0.0978992	0.454194	0.447907	
1.39534	1.81757	0.106074	0.29811	0.595816	
1.18894	0.738653	0.0759593	0.455797	0.468244	
1.68106	1.22475	0.0955764	0.304389	0.600034	
0.817773	1.48496	0.0792008	0.298813	0.621986	
0.692319	1.47679	0.0911189	0.341035	0.567846	
0.953152	0.993561	0.0526838	0.361882	0.585434	
1.69318	1.71164	0.113742	0.308911	0.577347	
1.86954	0.589955	0.135571	0.395678	0.468751	
0.341845	0.816091	0.104859	0.605795	0.289346	
0.737342	-0.0460218	0.178743	0.536541	0.284716	
0.999351	1.6646	0.0869503	0.282977	0.630073	
1.72326	0.896572	0.107787	0.35455	0.537663	
1.47353	1.07769	0.0740903	0.28295	0.64296	
0.819856	1.70794	0.100444	0.31762	0.581936	
