-4.4414	-4.42013	0.199739	0.235185	0.565075	0.565075	
-4.4414	-3.9767	0.194108	0.228988	0.576904	0.576904	
-4.4414	-3.53327	0.188928	0.223081	0.587992	0.587992	
-4.4414	-3.08985	0.184572	0.217862	0.597567	0.597567	
-4.4414	-2.64642	0.181515	0.213838	0.604647	0.604647	
-4.4414	-2.20299	0.180312	0.211595	0.608092	0.608092	
-4.4414	-1.75956	0.181538	0.21172	0.606742	0.606742	
-4.4414	-1.31613	0.185692	0.214667	0.599641	0.599641	
-4.4414	-0.872706	0.193067	0.220613	0.58632	0.58632	
-4.4414	-0.429278	0.203637	0.229341	0.567022	0.567022	
-4.4414	0.01415	0.217009	0.240227	0.542763	0.542763	
-4.4414	0.457578	0.232472	0.252361	0.515167	0.515167	
-4.4414	0.901006	0.249128	0.264753	0.486119	0.486119	
-4.4414	1.34443	0.26606	0.276551	0.457389	0.457389	
-4.4414	1.78786	0.282471	0.287166	0.430363	0.430363	
-4.4414	2.23129	0.297761	0.296306	0.405932	0.405932	
-4.4414	2.67472	0.311546	0.303927	0.384526	0.384526	
-4.4414	3.11815	0.323638	0.310144	0.366218	0.366218	
-4.4414	3.56157	0.334002	0.315151	0.350847	0.350847	
-4.4414	4.005	0.34271	0.319165	0.338125	0.34271	
-4.4414	4.44843	0.349901	0.322388	0.327712	0.349901	

-4.01309	-4.42013	0.193018	0.229794	0.577188	0.577188	
-4.01309	-3.9767	0.185996	0.222118	0.591886	0.591886	
-4.01309	-3.53327	0.179247	0.214517	0.606236	0.606236	
-4.01309	-3.08985	0.173203	0.207459	0.619339	0.619339	
-4.01309	-2.64642	0.168457	0.201601	0.629942	0.629942	
-4.01309	-2.20299	0.165759	0.19777	0.636471	0.636471	
-4.01309	-1.75956	0.165947	0.196868	0.637185	0.637185	
-4.01309	-1.31613	0.16981	0.199677	0.630514	0.630514	
-4.01309	-0.872706	0.177872	0.206589	0.615539	0.615539	
-4.01309	-0.429278	0.190183	0.217374	0.592443	0.592443	
-4.01309	0.01415	0.206211	0.23112	0.562669	0.562669	
-4.01309	0.457578	0.22492	0.246435	0.528645	0.528645	
-4.01309	0.901006	0.245008	0.261829	0.493164	0.493164	
-4.01309	1.34443	0.265187	0.276088	0.458724	0.458724	
-4.01309	1.78786	0.284403	0.288472	0.427124	0.427124	
-4.01309	2.23129	0.301925	0.298716	0.399359	0.399359	
-4.01309	2.67472	0.317345	0.306905	0.37575	0.37575	
-4.01309	3.11815	0.330523	0.313312	0.356164	0.356164	
-4.01309	3.56157	0.34151	0.318278	0.340211	0.34151	
-4.01309	4.005	0.350476	0.322126	0.327397	0.350476	
-4.01309	4.44843	0.357654	0.325129	0.317217	0.357654	

-3.58478	-4.42013	0.186527	0.224667	0.588807	0.588807	
-3.58478	-3.9767	0.177917	0.215273	0.60681	0.60681	
-3.58478	-3.53327	0.169296	0.205598	0.625107	0.625107	
-3.58478	-3.08985	0.161131	0.196158	0.64271	0.64271	
-3.58478	-2.64642	0.154137	0.187768	0.658095	0.658095	
-3.58478	-2.20299	0.1493	0.181565	0.669134	0.669134	
-3.58478	-1.75956	0.147836	0.178928	0.673236	0.673236	
-3.58478	-1.31613	0.150993	0.181197	0.66781	0.66781	
-3.58478	-0.872706	0.159708	0.189197	0.651095	0.651095	
-3.58478	-0.429278	0.174198	0.202748	0.623053	0.623053	
-3.58478	0.01415	0.193728	0.220483	0.585789	0.585789	
-3.58478	0.457578	0.216736	0.240194	0.54307	0.54307	
-3.58478	0.901006	0.241278	0.259571	0.499151	0.499151	
-3.58478	1.34443	0.265526	0.276873	0.457602	0.457602	
-3.58478	1.78786	0.288094	0.291218	0.420689	0.420689	
-3.58478	2.23129	0.308129	0.302483	0.389388	0.389388	
-3.58478	2.67472	0.325252	0.311015	0.363733	0.363733	
-3.58478	3.11815	0.339431	0.317354	0.343215	0.343215	
-3.58478	3.56157	0.350862	0.322042	0.327097	0.350862	
-3.58478	4.005	0.359859	0.325533	0.314608	0.359859	
-3.58478	4.44843	0.366785	0.328175	0.30504	0.366785	

-3.15646	-4.42013	0.180578	0.220158	0.599263	0.599263	
-3.15646	-3.9767	0.17023	0.208852	0.620918	0.620918	
-3.15646	-3.53327	0.159455	0.196732	0.643813	0.643813	
-3.15646	-3.08985	0.14871	0.1843	0.66699	0.66699	
-3.15646	-2.64642	0.138797	0.17249	0.688714	0.688714	
-3.15646	-2.20299	0.130967	0.162802	0.706232	0.706232	
-3.15646	-1.75956	0.126942	0.157299	0.715759	0.715759	
-3.15646	-1.31613	0.1287	0.158266	0.713034	0.713034	
-3.15646	-0.872706	0.137914	0.167393	0.694694	0.694694	
-3.15646	-0.429278	0.155166	0.184732	0.660102	0.660102	
-3.15646	0.01415	0.179413	0.208176	0.612411	0.612411	
-3.15646	0.457578	0.208206	0.23408	0.557714	0.557714	
-3.15646	0.901006	0.238562	0.25875	0.502688	0.502688	
-3.15646	1.34443	0.267872	0.279705	0.452423	0.452423	
-3.15646	1.78786	0.294364	0.296031	0.409605	0.409605	
-3.15646	2.23129	0.317122	0.307996	0.374882	0.374882	
-3.15646	2.67472	0.335889	0.316439	0.347672	0.347672	
-3.15646	3.11815	0.350843	0.322303	0.326854	0.350843	
-3.15646	3.56157	0.362405	0.32639	0.311205	0.362405	
-3.15646	4.005	0.371093	0.329298	0.299609	0.371093	
-3.15646	4.44843	0.377438	0.331431	0.291131	0.377438	

-2.72815	-4.42013	0.175575	0.216741	0.607684	0.607684	
-2.72815	-3.9767	0.163435	0.203443	0.633122	0.633122	
-2.72815	-3.53327	0.150315	0.188605	0.66108	0.66108	
-2.72815	-3.08985	0.136582	0.172595	0.690824	0.690824	
-2.72815	-2.64642	0.123037	0.156347	0.720615	0.720615	
-2.72815	-2.20299	0.11116	0.141693	0.747147	0.747147	
-2.72815	-1.75956	0.103296	0.131594	0.765111	0.765111	
-2.72815	-1.31613	0.102535	0.129876	0.767589	0.767589	
-2.72815	-0.872706	0.111871	0.139939	0.74819	0.74819	
-2.72815	-0.429278	0.132663	0.162551	0.704786	0.704786	
-2.72815	0.01415	0.163397	0.194375	0.642228	0.642228	
-2.72815	0.457578	0.200058	0.229126	0.570815	0.570815	
-2.72815	0.901006	0.237965	0.260741	0.501294	0.501294	
-2.72815	1.34443	0.273439	0.285788	0.440773	0.440773	
-2.72815	1.78786	0.304349	0.303697	0.391955	0.391955	
-2.72815	2.23129	0.329861	0.31562	0.35452	0.35452	
-2.72815	2.67472	0.350003	0.323237	0.32676	0.350003	
-2.72815	3.11815	0.365298	0.328051	0.306652	0.365298	
-2.72815	3.56157	0.376493	0.331152	0.292355	0.376493	
-2.72815	4.005	0.384387	0.333243	0.28237	0.384387	
-2.72815	4.44843	0.389715	0.334739	0.275546	0.389715	

-2.29984	-4.42013	0.171994	0.21499	0.613016	0.613016	
-2.29984	-3.9767	0.158172	0.199834	0.641994	0.641994	
-2.29984	-3.53327	0.142715	0.182249	0.675036	0.675036	
-2.29984	-3.08985	0.125788	0.162302	0.711911	0.711911	
-2.29984	-2.64642	0.108036	0.140692	0.751272	0.751272	
-2.29984	-2.20299	0.0910076	0.11936	0.789632	0.789632	
-2.29984	-1.75956	0.0776865	0.102237	0.820076	0.820076	
-2.29984	-1.31613	0.0727297	0.0954919	0.831778	0.831778	
-2.29984	-0.872706	0.0814373	0.105802	0.81276	0.81276	
-2.29984	-0.429278	0.10681	0.135839	0.757351	0.757351	
-2.29984	0.01415	0.146579	0.180212	0.673209	0.673209	
-2.29984	0.457578	0.19389	0.227602	0.578508	0.578508	
-2.29984	0.901006	0.24134	0.267903	0.490757	0.490757	
-2.29984	1.34443	0.283971	0.2968	0.419229	0.419229	
-2.29984	1.78786	0.31952	0.315026	0.365454	0.365454	
-2.29984	2.23129	0.347501	0.325501	0.326998	0.347501	
-2.29984	2.67472	0.368432	0.331188	0.30038	0.368432	
-2.29984	3.11815	0.383345	0.334244	0.282411	0.383345	
-2.29984	3.56157	0.393445	0.335973	0.270582	0.393445	
-2.29984	4.005	0.399885	0.337071	0.263044	0.399885	
-2.29984	4.44843	0.403644	0.337872	0.258484	0.403644	

-1.87153	-4.42013	0.170343	0.215535	0.614123	0.614123	
-1.87153	-3.9767	0.155179	0.198967	0.645855	0.645855	
-1.87153	-3.53327	0.137713	0.179044	0.683243	0.683243	
-1.87153	-3.08985	0.117811	0.15536	0.726829	0.726829	
-1.87153	-2.64642	0.0957609	0.12805	0.776189	0.776189	
-1.87153	-2.20299	0.0728776	0.0986761	0.828446	0.828446	
-1.87153	-1.75956	0.052535	0.0717992	0.875666	0.875666	
-1.87153	-1.31613	0.0412846	0.0566198	0.902096	0.902096	
-1.87153	-0.872706	0.0481733	0.0656653	0.886161	0.886161	
-1.87153	-0.429278	0.0794834	0.106186	0.814331	0.814331	
-1.87153	0.01415	0.131704	0.169376	0.698921	0.698921	
-1.87153	0.457578	0.192829	0.23419	0.572981	0.572981	
-1.87153	0.901006	0.251476	0.28401	0.464514	0.464514	
-1.87153	1.34443	0.301701	0.314726	0.383573	0.383573	
-1.87153	1.78786	0.341616	0.33046	0.327924	0.341616	
-1.87153	2.23129	0.371337	0.337196	0.291468	0.371337	
-1.87153	2.67472	0.392047	0.339541	0.268412	0.392047	
-1.87153	3.11815	0.405486	0.340152	0.254362	0.405486	
-1.87153	3.56157	0.413475	0.340271	0.246254	0.413475	
-1.87153	4.005	0.417612	0.340362	0.242026	0.417612	
-1.87153	4.44843	0.419139	0.340543	0.240318	0.419139	

-1.44322	-4.42013	0.171083	0.218955	0.609962	0.609962	
-1.44322	-3.9767	0.15518	0.201799	0.643021	0.643021	
-1.44322	-3.53327	0.136457	0.18056	0.682984	0.682984	
-1.44322	-3.08985	0.114453	0.154295	0.731252	0.731252	
-1.44322	-2.64642	0.0889801	0.122319	0.788701	0.788701	
-1.44322	-2.20299	0.0607918	0.0852158	0.853992	0.853992	
-1.44322	-1.75956	0.0331163	0.0472518	0.919632	0.919632	
-1.44322	-1.31613	0.0141884	0.0205053	0.965306	0.965306	
-1.44322	-0.872706	0.0181957	0.0263668	0.955438	0.955438	
-1.44322	-0.429278	0.0570982	0.0815148	0.861387	0.861387	
-1.44322	0.01415	0.125186	0.171576	0.703237	0.703237	
-1.44322	0.457578	0.201913	0.257609	0.540478	0.540478	
-1.44322	0.901006	0.27164	0.314181	0.414179	0.414179	
-1.44322	1.34443	0.328869	0.34102	0.330111	0.34102	
-1.44322	1.78786	0.372412	0.349175	0.278414	0.372412	
-1.44322	2.23129	0.402708	0.349059	0.248233	0.402708	
-1.44322	2.67472	0.421673	0.34671	0.231617	0.421673	
-1.44322	3.11815	0.432068	0.344577	0.223355	0.432068	
-1.44322	3.56157	0.436597	0.343243	0.22016	0.436597	
-1.44322	4.005	0.437391	0.342614	0.219996	0.437391	
-1.44322	4.44843	0.435942	0.342449	0.221609	0.435942	

-1.0149	-4.42013	0.17453	0.225635	0.599835	0.599835	
-1.0149	-3.9767	0.15872	0.209059	0.632221	0.632221	
-1.0149	-3.53327	0.139897	0.188165	0.671938	0.671938	
-1.0149	-3.08985	0.117404	0.161654	0.720943	0.720943	
-1.0149	-2.64642	0.0906961	0.128161	0.781143	0.781143	
-1.0149	-2.20299	0.0599714	0.0871576	0.852871	0.852871	
-1.0149	-1.75956	0.02794	0.0418	0.93026	0.93026	
-1.0149	-1.31613	0.00368803	0.0056679	0.990644	0.990644	
-1.0149	-0.872706	0.006302	0.00986618	0.983832	0.983832	
-1.0149	-0.429278	0.0542604	0.0848392	0.8609	0.8609	
-1.0149	0.01415	0.137613	0.207181	0.655205	0.655205	
-1.0149	0.457578	0.225789	0.310798	0.463413	0.463413	
-1.0149	0.901006	0.30312	0.363049	0.333831	0.363049	
-1.0149	1.34443	0.366624	0.374507	0.258869	0.374507	
-1.0149	1.78786	0.413579	0.367528	0.218893	0.413579	
-1.0149	2.23129	0.443037	0.357451	0.199512	0.443037	
-1.0149	2.67472	0.457997	0.350063	0.19194	0.457997	
-1.0149	3.11815	0.463135	0.345903	0.190963	0.463135	
-1.0149	3.56157	0.462479	0.34399	0.193531	0.462479	
-1.0149	4.005	0.458749	0.343353	0.197898	0.458749	
-1.0149	4.44843	0.453569	0.343347	0.203084	0.453569	

-0.586592	-4.42013	0.180754	0.235605	0.583641	0.583641	
-0.586592	-3.9767	0.165972	0.220952	0.613076	0.613076	
-0.586592	-3.53327	0.148428	0.202461	0.649111	0.649111	
-0.586592	-3.08985	0.12753	0.17892	0.69355	0.69355	
-0.586592	-2.64642	0.102794	0.148998	0.748208	0.748208	
-0.586592	-2.20299	0.074445	0.112049	0.813506	0.813506	
-0.586592	-1.75956	0.0451901	0.0709914	0.883818	0.883818	
-0.586592	-1.31613	0.0243957	0.0401497	0.935455	0.935455	
-0.586592	-0.872706	0.0325192	0.0559758	0.911505	0.911505	
-0.586592	-0.429278	0.0880748	0.156036	0.75589	0.75589	
-0.586592	0.01415	0.173899	0.302643	0.523458	0.523458	
-0.586592	0.457578	0.258996	0.404848	0.336156	0.404848	
-0.586592	0.901006	0.340002	0.430462	0.229535	0.430462	
-0.586592	1.34443	0.414415	0.408019	0.177566	0.414415	
-0.586592	1.78786	0.467597	0.376949	0.155455	0.467597	
-0.586592	2.23129	0.4942	0.356154	0.149646	0.4942	
-0.586592	2.67472	0.501398	0.346147	0.152455	0.501398	
-0.586592	3.11815	0.498121	0.342503	0.159376	0.498121	
-0.586592	3.56157	0.490234	0.341831	0.167936	0.490234	
-0.586592	4.005	0.480803	0.342328	0.176869	0.480803	
-0.586592	4.44843	0.471263	0.343168	0.185569	0.471263	

-0.15828	-4.42013	0.189528	0.248456	0.562015	0.562015	
-0.15828	-3.9767	0.176628	0.23695	0.586421	0.586421	
-0.15828	-3.53327	0.161631	0.222791	0.615579	0.615579	
-0.15828	-3.08985	0.144267	0.205368	0.650365	0.650365	
-0.15828	-2.64642	0.124557	0.184311	0.691131	0.691131	
-0.15828	-2.20299	0.10346	0.160467	0.736073	0.736073	
-0.15828	-1.75956	0.0844824	0.138806	0.776712	0.776712	
-0.15828	-1.31613	0.0767314	0.135269	0.788	0.788	
-0.15828	-0.872706	0.0957913	0.183559	0.720649	0.720649	
-0.15828	-0.429278	0.147865	0.309103	0.543033	0.543033	
-0.15828	0.01415	0.209687	0.460147	0.330166	0.460147	
-0.15828	0.457578	0.271881	0.53959	0.188529	0.53959	
-0.15828	0.901006	0.364773	0.510056	0.125171	0.510056	
-0.15828	1.34443	0.474506	0.424061	0.101433	0.474506	
-0.15828	1.78786	0.541484	0.36149	0.0970267	0.541484	
-0.15828	2.23129	0.558822	0.337012	0.104166	0.558822	
-0.15828	2.67472	0.551159	0.332038	0.116803	0.551159	
-0.15828	3.11815	0.535261	0.333683	0.131056	0.535261	
-0.15828	3.56157	0.518133	0.336805	0.145062	0.518133	
-0.15828	4.005	0.502168	0.339751	0.158081	0.502168	
-0.15828	4.44843	0.487991	0.342115	0.169894	0.487991	

0.270032	-4.42013	0.200356	0.263366	0.536278	0.536278	
0.270032	-3.9767	0.189936	0.25581	0.554254	0.554254	
0.270032	-3.53327	0.178313	0.247207	0.57448	0.57448	
0.270032	-3.08985	0.165639	0.237817	0.596544	0.596544	
0.270032	-2.64642	0.152544	0.228667	0.61879	0.61879	
0.270032	-2.20299	0.140721	0.222714	0.636565	0.636565	
0.270032	-1.75956	0.133962	0.227419	0.638619	0.638619	
0.270032	-1.31613	0.13889	0.258829	0.602281	0.602281	
0.270032	-0.872706	0.161094	0.341084	0.497822	0.497822	
0.270032	-0.429278	0.190857	0.482267	0.326875	0.482267	
0.270032	0.01415	0.202131	0.636817	0.161052	0.636817	
0.270032	0.457578	0.212959	0.715702	0.0713384	0.715702	
0.270032	0.901006	0.348674	0.602448	0.0488778	0.602448	
0.270032	1.34443	0.573341	0.381784	0.0448745	0.573341	
0.270032	1.78786	0.651741	0.297026	0.0512331	0.651741	
0.270032	2.23129	0.636981	0.294961	0.0680581	0.636981	
0.270032	2.67472	0.603071	0.308579	0.0883498	0.603071	
0.270032	3.11815	0.570698	0.321054	0.108249	0.570698	
0.270032	3.56157	0.543426	0.330159	0.126416	0.543426	
0.270032	4.005	0.520998	0.33644	0.142562	0.520998	
0.270032	4.44843	0.50252	0.340701	0.156779	0.50252	

0.698344	-4.42013	0.212573	0.279252	0.508175	0.508175	
0.698344	-3.9767	0.204887	0.275856	0.519257	0.519257	
0.698344	-3.53327	0.19689	0.273014	0.530096	0.530096	
0.698344	-3.08985	0.189053	0.271736	0.539211	0.539211	
0.698344	-2.64642	0.182347	0.274099	0.543555	0.543555	
0.698344	-2.20299	0.178558	0.284247	0.537196	0.537196	
0.698344	-1.75956	0.180445	0.309954	0.509601	0.509601	
0.698344	-1.31613	0.190511	0.363725	0.445764	0.445764	
0.698344	-0.872706	0.205624	0.45915	0.335226	0.45915	
0.698344	-0.429278	0.207497	0.598224	0.194279	0.598224	
0.698344	0.01415	0.163138	0.764644	0.072218	0.764644	
0.698344	0.457578	0.066131	0.922794	0.0110747	0.922794	
0.698344	0.901006	0.260206	0.7278	0.0119931	0.7278	
0.698344	1.34443	0.81002	0.178936	0.0110442	0.81002	
0.698344	1.78786	0.799097	0.179068	0.0218351	0.799097	
0.698344	2.23129	0.712384	0.242787	0.0448289	0.712384	
0.698344	2.67472	0.646116	0.284382	0.0695026	0.646116	
0.698344	3.11815	0.598247	0.309237	0.0925165	0.598247	
0.698344	3.56157	0.562656	0.324315	0.113029	0.562656	
0.698344	4.005	0.535289	0.333694	0.131017	0.535289	
0.698344	4.44843	0.513633	0.339646	0.146721	0.513633	

1.12666	-4.42013	0.225479	0.295002	0.479519	0.479519	
1.12666	-3.9767	0.220465	0.29541	0.484125	0.484125	
1.12666	-3.53327	0.215856	0.297605	0.486539	0.486539	
1.12666	-3.08985	0.212258	0.302975	0.484767	0.484767	
1.12666	-2.64642	0.210637	0.313903	0.47546	0.47546	
1.12666	-2.20299	0.212339	0.334325	0.453336	0.453336	
1.12666	-1.75956	0.218665	0.370196	0.411139	0.411139	
1.12666	-1.31613	0.229187	0.428888	0.341925	0.428888	
1.12666	-0.872706	0.23798	0.515932	0.246088	0.515932	
1.12666	-0.429278	0.229453	0.630309	0.140238	0.630309	
1.12666	0.01415	0.180021	0.766125	0.0538538	0.766125	
1.12666	0.457578	0.0892517	0.900753	0.00999553	0.900753	
1.12666	0.901006	0.380774	0.610146	0.00908011	0.610146	
1.12666	1.34443	0.989344	0.0101164	0.000539827	0.989344	
1.12666	1.78786	0.867199	0.119922	0.0128788	0.867199	
1.12666	2.23129	0.744479	0.219141	0.0363793	0.744479	
1.12666	2.67472	0.665356	0.273493	0.0611503	0.665356	
1.12666	3.11815	0.611647	0.303978	0.0843751	0.611647	
1.12666	3.56157	0.572852	0.321891	0.105257	0.572852	
1.12666	4.005	0.543474	0.33281	0.123716	0.543474	
1.12666	4.44843	0.52043	0.339637	0.139933	0.52043	

1.55497	-4.42013	0.238456	0.309683	0.451861	0.451861	
1.55497	-3.9767	0.235834	0.31315	0.451015	0.451015	
1.55497	-3.53327	0.2341	0.319109	0.446791	0.446791	
1.55497	-3.08985	0.233844	0.328941	0.437215	0.437215	
1.55497	-2.64642	0.235844	0.344713	0.419444	0.419444	
1.55497	-2.20299	0.240929	0.369306	0.389765	0.389765	
1.55497	-1.75956	0.249479	0.406201	0.34432	0.406201	
1.55497	-1.31613	0.260317	0.458348	0.281336	0.458348	
1.55497	-0.872706	0.269335	0.525718	0.204947	0.525718	
1.55497	-0.429278	0.270117	0.602142	0.12774	0.602142	
1.55497	0.01415	0.263	0.670202	0.0667983	0.670202	
1.55497	0.457578	0.293579	0.672926	0.0334956	0.672926	
1.55497	0.901006	0.5158	0.462387	0.0218128	0.5158	
1.55497	1.34443	0.7774	0.207163	0.0154371	0.7774	
1.55497	1.78786	0.783149	0.19397	0.022881	0.783149	
1.55497	2.23129	0.715962	0.243127	0.0409107	0.715962	
1.55497	2.67472	0.655442	0.282441	0.0621178	0.655442	
1.55497	3.11815	0.608823	0.308023	0.0831543	0.608823	
1.55497	3.56157	0.57305	0.324207	0.102743	0.57305	
1.55497	4.005	0.545034	0.334487	0.120479	0.545034	
1.55497	4.44843	0.522599	0.341067	0.136334	0.522599	

1.98328	-4.42013	0.251028	0.322659	0.426313	0.426313	
1.98328	-3.9767	0.250416	0.328286	0.421298	0.421298	
1.98328	-3.53327	0.250965	0.336612	0.412422	0.412422	
1.98328	-3.08985	0.253182	0.348768	0.398051	0.398051	
1.98328	-2.64642	0.25764	0.366215	0.376146	0.376146	
1.98328	-2.20299	0.264837	0.390628	0.344535	0.390628	
1.98328	-1.75956	0.274871	0.423422	0.301707	0.423422	
1.98328	-1.31613	0.287042	0.464681	0.248277	0.464681	
1.98328	-0.872706	0.299949	0.511397	0.188654	0.511397	
1.98328	-0.429278	0.313669	0.55507	0.131261	0.55507	
1.98328	0.01415	0.336587	0.577848	0.0855652	0.577848	
1.98328	0.457578	0.395766	0.547539	0.0566949	0.547539	
1.98328	0.901006	0.516989	0.441118	0.0418926	0.516989	
1.98328	1.34443	0.637695	0.325884	0.0364207	0.637695	
1.98328	1.78786	0.676904	0.282371	0.040725	0.676904	
1.98328	2.23129	0.659584	0.28727	0.0531464	0.659584	
1.98328	2.67472	0.626357	0.303991	0.0696513	0.626357	
1.98328	3.11815	0.593435	0.319253	0.0873121	0.593435	
1.98328	3.56157	0.564793	0.330621	0.104586	0.564793	
1.98328	4.005	0.540689	0.338542	0.12077	0.540689	
1.98328	4.44843	0.520498	0.343901	0.135601	0.520498	

2.41159	-4.42013	0.262872	0.333617	0.403511	0.403511	
2.41159	-3.9767	0.26387	0.340539	0.395591	0.395591	
2.41159	-3.53327	0.266152	0.350014	0.383834	0.383834	
2.41159	-3.08985	0.270128	0.362826	0.367046	0.367046	
2.41159	-2.64642	0.276225	0.37983	0.343945	0.37983	
2.41159	-2.20299	0.284788	0.401733	0.31348	0.401733	
2.41159	-1.75956	0.295952	0.428627	0.275421	0.428627	
2.41159	-1.31613	0.30963	0.459216	0.231154	0.459216	
2.41159	-0.872706	0.325982	0.489756	0.184261	0.489756	
2.41159	-0.429278	0.346919	0.512962	0.140119	0.512962	
2.41159	0.01415	0.378419	0.517514	0.104066	0.517514	
2.41159	0.457578	0.429847	0.491197	0.0789558	0.491197	
2.41159	0.901006	0.501286	0.434426	0.0642879	0.501286	
2.41159	1.34443	0.568027	0.373567	0.0584066	0.568027	
2.41159	1.78786	0.602796	0.336844	0.0603597	0.602796	
2.41159	2.23129	0.605832	0.325518	0.0686502	0.605832	
2.41159	2.67472	0.591728	0.32734	0.080932	0.591728	
2.41159	3.11815	0.571685	0.333236	0.0950796	0.571685	
2.41159	3.56157	0.551094	0.339242	0.109664	0.551094	
2.41159	4.005	0.532004	0.344132	0.123865	0.532004	
2.41159	4.44843	0.514989	0.34775	0.137261	0.514989	

2.8399	-4.42013	0.273798	0.34251	0.383692	0.383692	
2.8399	-3.9767	0.276037	0.350015	0.373948	0.373948	
2.8399	-3.53327	0.279584	0.359725	0.360691	0.360691	
2.8399	-3.08985	0.284768	0.372105	0.343128	0.372105	
2.8399	-2.64642	0.291918	0.387531	0.32055	0.387531	
2.8399	-2.20299	0.301319	0.406084	0.292597	0.406084	
2.8399	-1.75956	0.313183	0.427201	0.259616	0.427201	
2.8399	-1.31613	0.327742	0.449208	0.22305	0.449208	
2.8399	-0.872706	0.345593	0.468851	0.185557	0.468851	
2.8399	-0.429278	0.368287	0.481126	0.150587	0.481126	
2.8399	0.01415	0.398573	0.480063	0.121363	0.480063	
2.8399	0.457578	0.438596	0.461619	0.0997846	0.461619	
2.8399	0.901006	0.485148	0.42872	0.0861322	0.485148	
2.8399	1.34443	0.527358	0.392863	0.0797785	0.527358	
2.8399	1.78786	0.554187	0.365977	0.0798353	0.554187	
2.8399	2.23129	0.563286	0.351635	0.0850792	0.563286	
2.8399	2.67472	0.55945	0.346594	0.0939565	0.55945	
2.8399	3.11815	0.548612	0.34643	0.104958	0.548612	
2.8399	3.56157	0.534941	0.348151	0.116908	0.534941	
2.8399	4.005	0.520749	0.350238	0.129012	0.520749	
2.8399	4.44843	0.507143	0.352068	0.140789	0.507143	

3.26822	-4.42013	0.283718	0.349477	0.366805	0.366805	
3.26822	-3.9767	0.286877	0.357041	0.356082	0.357041	
3.26822	-3.53327	0.291307	0.366391	0.342302	0.366391	
3.26822	-3.08985	0.297273	0.377742	0.324985	0.377742	
3.26822	-2.64642	0.305036	0.391156	0.303808	0.391156	
3.26822	-2.20299	0.314837	0.406383	0.27878	0.406383	
3.26822	-1.75956	0.326908	0.422638	0.250454	0.422638	
3.26822	-1.31613	0.341538	0.43838	0.220082	0.43838	
3.26822	-0.872706	0.359223	0.451187	0.189589	0.451187	
3.26822	-0.429278	0.380786	0.457957	0.161257	0.457957	
3.26822	0.01415	0.407107	0.455727	0.137167	0.455727	
3.26822	0.457578	0.438032	0.443293	0.118675	0.443293	
3.26822	0.901006	0.470826	0.42293	0.106244	0.470826	
3.26822	1.34443	0.500131	0.400208	0.0996608	0.500131	
3.26822	1.78786	0.520791	0.380898	0.0983109	0.520791	
3.26822	2.23129	0.530919	0.367792	0.101289	0.530919	
3.26822	2.67472	0.532007	0.360488	0.107505	0.532007	
3.26822	3.11815	0.526961	0.357173	0.115866	0.526961	
3.26822	3.56157	0.518464	0.35609	0.125445	0.518464	
3.26822	4.005	0.508415	0.356041	0.135543	0.508415	
3.26822	4.44843	0.497971	0.356348	0.145681	0.497971	

3.69653	-4.42013	0.292613	0.354756	0.352631	0.354756	
3.69653	-3.9767	0.296424	0.362035	0.341542	0.362035	
3.69653	-3.53327	0.301433	0.370689	0.327878	0.370689	
3.69653	-3.08985	0.307851	0.380767	0.311383	0.380767	
3.69653	-2.64642	0.315882	0.392152	0.291966	0.392152	
3.69653	-2.20299	0.325724	0.404459	0.269817	0.404459	
3.69653	-1.75956	0.337568	0.41692	0.245512	0.41692	
3.69653	-1.31613	0.351635	0.428296	0.220069	0.428296	
3.69653	-0.872706	0.368198	0.436916	0.194886	0.436916	
3.69653	-0.429278	0.387548	0.440929	0.171523	0.440929	
3.69653	0.01415	0.409726	0.438877	0.151397	0.438877	
3.69653	0.457578	0.434014	0.430488	0.135498	0.434014	
3.69653	0.901006	0.458473	0.41725	0.124277	0.458473	
3.69653	1.34443	0.480195	0.402101	0.117704	0.480195	
3.69653	1.78786	0.496487	0.388122	0.115391	0.496487	
3.69653	2.23129	0.50608	0.377214	0.116706	0.50608	
3.69653	2.67472	0.509371	0.369758	0.120871	0.509371	
3.69653	3.11815	0.507758	0.365156	0.127087	0.507758	
3.69653	3.56157	0.502855	0.362514	0.13463	0.502855	
3.69653	4.005	0.496032	0.361054	0.142914	0.496032	
3.69653	4.44843	0.488274	0.360228	0.151498	0.488274	

4.12484	-4.42013	0.300508	0.358627	0.340865	0.358627	
4.12484	-3.9767	0.304753	0.365418	0.329828	0.365418	
4.12484	-3.53327	0.310102	0.373229	0.316669	0.373229	
4.12484	-3.08985	0.316717	0.382004	0.301278	0.382004	
4.12484	-2.64642	0.324756	0.391547	0.283697	0.391547	
4.12484	-2.20299	0.334364	0.401453	0.264184	0.401453	
4.12484	-1.75956	0.345672	0.411061	0.243267	0.411061	
4.12484	-1.31613	0.358801	0.419444	0.221756	0.419444	
4.12484	-0.872706	0.373841	0.425484	0.200674	0.425484	
4.12484	-0.429278	0.390786	0.428088	0.181126	0.428088	
4.12484	0.01415	0.409366	0.426524	0.16411	0.426524	
4.12484	0.457578	0.428837	0.420805	0.150359	0.428837	
4.12484	0.901006	0.447863	0.411876	0.140261	0.447863	
4.12484	1.34443	0.46474	0.401395	0.133865	0.46474	
4.12484	1.78786	0.477929	0.39113	0.130942	0.477929	
4.12484	2.23129	0.486594	0.382347	0.131059	0.486594	
4.12484	2.67472	0.490769	0.375566	0.133665	0.490769	
4.12484	3.11815	0.491133	0.370699	0.138168	0.491133	
4.12484	3.56157	0.488634	0.367354	0.144012	0.488634	
4.12484	4.005	0.484204	0.365084	0.150712	0.484204	
4.12484	4.44843	0.478606	0.363508	0.157885	0.478606	

